4434.726846 1.000000 0.000027 0.000007 0.000563 -0.000027 1.000000 -0.000032 0.000657 -0.000007 0.000032 1.000000 0.000236
4434.837502 1.000000 0.000047 -0.000012 -0.000125 -0.000047 1.000000 -0.000030 0.000552 0.000012 0.000030 1.000000 -0.000356
4434.938181 1.000000 0.000044 -0.000013 -0.000029 -0.000044 1.000000 -0.000011 0.000690 0.000013 0.000011 1.000000 -0.000607
4435.038821 1.000000 0.000051 -0.000011 0.000090 -0.000051 1.000000 -0.000029 0.000695 0.000011 0.000029 1.000000 -0.000135
4435.139506 1.000001 -0.000063 -0.000004 0.001119 0.000063 1.000001 0.000048 0.000572 0.000004 -0.000048 1.000000 -0.000036
4435.240182 1.000001 -0.000045 0.000018 0.000088 0.000045 1.000001 0.000012 0.000815 -0.000018 -0.000012 1.000000 0.000467
4435.340848 1.000001 -0.000054 -0.000032 -0.000526 0.000054 1.000001 -0.000124 0.000886 0.000032 0.000124 1.000001 -0.000776
4435.431525 1.000001 -0.000045 -0.000002 -0.000448 0.000045 1.000001 -0.000044 0.001435 0.000002 0.000044 1.000001 -0.000106
4435.532124 1.000001 -0.000089 -0.000018 0.000083 0.000089 1.000001 -0.000085 0.001228 0.000018 0.000085 1.000001 -0.000370
4435.642811 1.000001 -0.000013 0.000018 0.000208 0.000013 1.000002 0.000011 0.001505 -0.000018 -0.000011 1.000001 0.000312
4435.733374 1.000001 -0.000031 -0.000013 -0.000232 0.000031 1.000002 -0.000065 0.001190 0.000013 0.000065 1.000001 -0.000536
4435.834044 1.000001 -0.000026 -0.000030 0.000121 0.000026 1.000002 -0.000126 0.002084 0.000030 0.000126 1.000001 -0.000685
4435.934687 1.000001 -0.000098 0.000006 -0.000968 0.000098 1.000002 -0.000147 0.001704 -0.000006 0.000147 1.000001 -0.000124
4436.035340 1.000001 -0.000091 -0.000001 -0.001264 0.000091 1.000002 -0.000125 0.001869 0.000001 0.000125 1.000001 -0.000030
4436.135946 1.000001 -0.000131 -0.000015 -0.000796 0.000131 1.000002 -0.000097 0.001603 0.000015 0.000097 1.000001 -0.000454
4436.236610 1.000001 -0.000086 -0.000003 0.000278 0.000086 1.000002 -0.000106 0.001982 0.000003 0.000106 1.000001 -0.000084
4436.337259 1.000002 -0.000134 -0.000005 0.001443 0.000134 1.000002 -0.000035 0.001636 0.000005 0.000035 1.000001 -0.000019
4436.437869 1.000002 -0.000203 -0.000007 -0.000042 0.000202 1.000002 -0.000128 0.001262 0.000007 0.000128 1.000001 -0.000145
4436.538509 1.000002 -0.000079 -0.000031 0.000405 0.000079 1.000002 -0.000162 0.002360 0.000030 0.000162 1.000001 -0.000745
4436.639382 1.000002 -0.000213 -0.000018 0.001023 0.000213 1.000002 -0.000075 0.001452 0.000018 0.000075 1.000001 -0.000182
4436.729877 1.000001 -0.000176 -0.000004 0.000602 0.000176 1.000002 -0.000085 0.002304 0.000004 0.000085 1.000001 -0.000108
4436.830437 1.000001 -0.000457 0.000009 0.002108 0.000457 1.000003 -0.000084 0.002450 -0.000009 0.000084 1.000002 0.000237
4436.931000 1.000001 -0.000830 -0.000058 0.013408 0.000830 1.000002 -0.000203 0.003465 0.000058 0.000203 1.000002 -0.000620
4437.041587 1.000000 -0.001681 -0.000061 0.015524 0.001681 1.000001 0.000064 0.003517 0.000060 -0.000065 1.000002 -0.000798
4437.132068 0.999998 -0.002410 -0.000054 0.024813 0.002410 1.000000 0.000128 0.009447 0.000054 -0.000129 1.000002 -0.000179
4437.232599 0.999994 -0.003811 -0.000077 0.032709 0.003811 0.999996 0.000169 0.013491 0.000076 -0.000169 1.000002 -0.000077
4437.343225 0.999985 -0.005658 -0.000194 0.042170 0.005658 0.999987 0.000227 0.023903 0.000193 -0.000228 1.000002 -0.001061
4437.443837 0.999891 -0.014824 -0.000368 0.051020 0.014824 0.999893 0.000299 0.017517 0.000363 -0.000304 1.000002 -0.003214
4437.534391 0.999820 -0.018996 -0.000397 0.066924 0.018996 0.999823 0.000354 0.038734 0.000390 -0.000361 1.000002 -0.003395
4437.634946 0.999817 -0.019140 -0.000450 0.082408 0.019140 0.999820 0.000117 0.039179 0.000447 -0.000126 1.000002 -0.003661
4437.735460 0.999810 -0.019516 -0.000435 0.095767 0.019516 0.999813 0.000418 0.039047 0.000426 -0.000426 1.000002 -0.003163
4437.836028 0.999803 -0.019876 -0.000726 0.111432 0.019875 0.999807 -0.000278 0.040206 0.000731 0.000263 1.000002 -0.006337
4437.936562 0.999684 -0.025120 -0.001001 0.281914 0.025120 0.999691 -0.000584 -0.001212 0.001015 0.000558 1.000002 -0.003680
4438.037059 0.999678 -0.025374 -0.001216 0.305038 0.025372 0.999684 -0.001613 -0.000132 0.001256 0.001581 1.000000 -0.008002
4438.137591 0.999815 -0.019190 -0.001544 0.486753 0.019190 0.999825 0.000596 0.044815 0.001531 -0.000625 1.000002 -0.008636
4438.238121 0.999821 -0.018874 -0.001720 0.512182 0.018875 0.999831 0.000282 0.052512 0.001714 -0.000315 1.000001 -0.011919
4438.328585 0.999819 -0.018956 -0.001752 0.530854 0.018956 0.999830 0.000343 0.052973 0.001745 -0.000376 1.000002 -0.011826
4438.439188 0.999813 -0.019278 -0.002067 0.554215 0.019277 0.999824 -0.000445 0.054120 0.002074 0.000405 1.000001 -0.014425
4438.539769 0.999812 -0.019323 -0.002071 0.570919 0.019322 0.999823 -0.000366 0.056091 0.002077 0.000326 1.000001 -0.015457
4438.640381 0.999813 -0.019305 -0.002261 0.593226 0.019304 0.999824 -0.000698 0.062901 0.002273 0.000654 1.000001 -0.016466
4438.730940 0.999810 -0.019449 -0.002274 0.606925 0.019448 0.999822 -0.000450 0.064972 0.002282 0.000406 1.000001 -0.018580
4438.841587 0.999661 -0.025940 -0.002819 0.805796 0.025935 0.999674 -0.001796 0.016561 0.002864 0.001722 0.999999 -0.020239
4438.932118 0.999812 -0.019248 -0.003146 0.978191 0.019248 0.999828 -0.000160 0.062475 0.003148 0.000100 1.000000 -0.020227
4439.042766 0.999816 -0.019072 -0.003085 0.995476 0.019070 0.999832 -0.000555 0.067629 0.003094 0.000496 1.000001 -0.019606
4439.133349 0.999820 -0.018857 -0.003147 1.014883 0.018856 0.999836 -0.000308 0.070840 0.003151 0.000248 1.000000 -0.020172
4439.234016 0.999819 -0.018876 -0.003177 1.026777 0.018873 0.999835 -0.000783 0.072880 0.003190 0.000723 1.000000 -0.019268
4439.334536 0.999816 -0.018979 -0.003346 1.046139 0.018976 0.999834 -0.000974 0.072961 0.003362 0.000910 1.000000 -0.020120
4439.435115 0.999812 -0.019203 -0.003417 1.068114 0.019199 0.999830 -0.001018 0.073209 0.003435 0.000952 0.999999 -0.022170
4439.535714 0.999800 -0.019785 -0.003676 1.082248 0.019783 0.999819 -0.000464 0.076900 0.003684 0.000392 0.999999 -0.022674
4439.636284 0.999792 -0.020149 -0.003750 1.104485 0.020148 0.999811 -0.000425 0.076589 0.003757 0.000350 0.999999 -0.023448
4439.726802 0.999638 -0.026595 -0.004158 1.278704 0.026587 0.999660 -0.001806 0.030242 0.004204 0.001695 0.999997 -0.026498
4439.837471 0.999636 -0.026629 -0.004435 1.308629 0.026622 0.999660 -0.001747 0.031781 0.004479 0.001628 0.999996 -0.025300
4439.928009 0.999796 -0.019653 -0.004970 1.493447 0.019654 0.999824 0.000267 0.078291 0.004963 -0.000365 0.999996 -0.026708
4440.038669 0.999801 -0.019369 -0.005197 1.511005 0.019371 0.999830 0.000503 0.081087 0.005185 -0.000604 0.999995 -0.026407
4440.129256 0.999799 -0.019468 -0.005117 1.525306 0.019468 0.999828 -0.000012 0.080251 0.005115 -0.000088 0.999995 -0.026184
4440.240008 0.999790 -0.019947 -0.005065 1.541674 0.019945 0.999819 -0.000462 0.081585 0.005072 0.000360 0.999995 -0.025494
4440.340651 0.999787 -0.020040 -0.005124 1.554834 0.020039 0.999818 -0.000206 0.080233 0.005126 0.000103 0.999995 -0.025519
4440.441371 0.999789 -0.019933 -0.005312 1.575842 0.019930 0.999820 -0.000486 0.090287 0.005319 0.000380 0.999994 -0.026730
4440.531965 0.999756 -0.021471 -0.005415 1.589990 0.021470 0.999789 -0.000186 0.088795 0.005417 0.000069 0.999994 -0.026321
4440.633086 0.999747 -0.021901 -0.005434 1.619796 0.021904 0.999780 0.000362 0.088028 0.005423 -0.000481 0.999994 -0.023999
4440.733727 0.999395 -0.034415 -0.005530 1.785822 0.034404 0.999427 -0.002070 0.046519 0.005596 0.001879 0.999992 -0.027534
4440.834352 0.999402 -0.034258 -0.005188 1.805652 0.034252 0.999434 -0.001018 0.044833 0.005218 0.000840 0.999995 -0.020907
4440.934983 0.999408 -0.034038 -0.005419 1.832031 0.034033 0.999442 -0.000824 0.048024 0.005442 0.000639 0.999995 -0.021505
4441.035626 0.999408 -0.034089 -0.005412 1.857343 0.034084 0.999442 -0.000879 0.053890 0.005437 0.000694 0.999995 -0.021441
4441.146373 0.999743 -0.021813 -0.006763 2.038927 0.021818 0.999786 0.000592 0.098812 0.006747 -0.000740 0.999989 -0.033298
4441.236971 0.999712 -0.023262 -0.006622 2.055742 0.023266 0.999753 0.000469 0.102685 0.006608 -0.000623 0.999990 -0.030606
4441.337634 0.999711 -0.023287 -0.006733 2.077498 0.023290 0.999753 0.000369 0.105287 0.006721 -0.000526 0.999990 -0.031559
4441.438315 0.999706 -0.023449 -0.006839 2.095996 0.023453 0.999750 0.000498 0.105490 0.006823 -0.000658 0.999989 -0.031748
4441.539038 0.999696 -0.023828 -0.006950 2.113857 0.023830 0.999741 0.000235 0.108375 0.006941 -0.000401 0.999989 -0.031414
4441.639719 0.999684 -0.024351 -0.006927 2.133451 0.024352 0.999729 0.000124 0.106533 0.006920 -0.000293 0.999989 -0.030526
4441.730284 0.999684 -0.024387 -0.006946 2.152207 0.024388 0.999728 0.000087 0.106036 0.006940 -0.000256 0.999989 -0.028233
4441.840957 0.999662 -0.025258 -0.007031 2.173337 0.025257 0.999707 -0.000280 0.108853 0.007034 0.000102 0.999989 -0.028002
4441.941606 0.999657 -0.025252 -0.007796 2.504237 0.025251 0.999709 -0.000154 0.127950 0.007795 -0.000043 0.999984 -0.026642
4442.042211 0.999651 -0.025516 -0.007742 2.516186 0.025517 0.999703 0.000052 0.129796 0.007736 -0.000250 0.999985 -0.025591
4442.142838 0.999639 -0.025926 -0.007941 2.565503 0.025924 0.999693 -0.000306 0.131230 0.007944 0.000100 0.999984 -0.024976
4442.233379 0.999569 -0.028442 -0.008152 2.602084 0.028442 0.999625 -0.000095 0.143949 0.008149 -0.000136 0.999983 -0.026628
4442.333979 0.999511 -0.030306 -0.008516 2.637282 0.030308 0.999571 0.000159 0.138352 0.008505 -0.000417 0.999980 -0.028945
4442.434567 0.999249 -0.037912 -0.008888 2.838376 0.037885 0.999309 -0.003100 0.116788 0.008997 0.002761 0.999972 -0.023078
4442.535159 0.999450 -0.031915 -0.009804 3.013164 0.031917 0.999523 0.000033 0.144999 0.009796 -0.000346 0.999969 -0.031046
4442.635719 0.999454 -0.031813 -0.009717 3.036478 0.031808 0.999527 -0.000567 0.148214 0.009727 0.000257 0.999970 -0.031691
4442.746386 0.999455 -0.031726 -0.009908 3.067608 0.031727 0.999530 -0.000017 0.149585 0.009901 -0.000297 0.999968 -0.032616
4442.836939 0.999425 -0.032559 -0.010180 3.099686 0.032551 0.999503 -0.000927 0.153496 0.010202 0.000596 0.999965 -0.034469
4442.937544 0.999408 -0.033195 -0.009889 3.129028 0.033185 0.999482 -0.001102 0.154190 0.009918 0.000773 0.999968 -0.029086
4443.038149 0.999169 -0.039739 -0.009797 3.285159 0.039688 0.999232 -0.005288 0.124262 0.009997 0.004894 0.999956 -0.028175
4443.138772 0.999145 -0.040200 -0.010336 3.324377 0.040135 0.999209 -0.006348 0.132661 0.010580 0.005928 0.999944 -0.032304
4443.239399 0.999369 -0.033746 -0.011727 3.527054 0.033724 0.999464 -0.002070 0.158949 0.011788 0.001674 0.999947 -0.035325
4443.340402 0.999303 -0.035475 -0.012204 3.557967 0.035448 0.999404 -0.002354 0.166278 0.012277 0.001919 0.999941 -0.032573
4443.430992 0.999287 -0.035792 -0.012682 3.595121 0.035772 0.999394 -0.001766 0.166986 0.012734 0.001311 0.999937 -0.036957
4443.541655 0.999074 -0.041467 -0.012145 3.717515 0.041385 0.999155 -0.006888 0.158892 0.012417 0.006379 0.999922 -0.036874
4443.632199 0.999016 -0.042840 -0.012136 3.755614 0.042753 0.999094 -0.007328 0.160510 0.012436 0.006802 0.999919 -0.035374
4443.742850 0.999017 -0.042891 -0.011840 3.807900 0.042804 0.999091 -0.007423 0.161570 0.012145 0.006909 0.999922 -0.029475
4443.843742 0.999031 -0.042467 -0.012201 3.865413 0.042390 0.999115 -0.006477 0.164077 0.012462 0.005954 0.999925 -0.025497
4443.934275 0.999269 -0.035708 -0.014221 4.047879 0.035660 0.999394 -0.003535 0.189297 0.014336 0.003025 0.999914 -0.034269
4444.034876 0.999253 -0.036138 -0.014297 4.075241 0.036094 0.999379 -0.003240 0.190210 0.014402 0.002722 0.999914 -0.034043
4444.135476 0.999247 -0.036265 -0.014387 4.109170 0.036221 0.999375 -0.003221 0.192322 0.014491 0.002698 0.999912 -0.034713
4444.241173 0.999125 -0.039472 -0.014437 4.141987 0.039432 0.999255 -0.003030 0.200190 0.014542 0.002458 0.999912 -0.033246
4444.331700 0.998924 -0.044508 -0.013637 4.246737 0.044461 0.999042 -0.003664 0.188406 0.013784 0.003053 0.999919 -0.027141
4444.432308 0.998925 -0.044512 -0.013645 4.332436 0.044448 0.999039 -0.004871 0.194098 0.013846 0.004259 0.999915 -0.023431
4444.542973 0.999049 -0.041056 -0.015354 4.515176 0.041019 0.999194 -0.002661 0.220369 0.015447 0.002029 0.999900 -0.027630
4444.643585 0.998866 -0.045305 -0.015317 4.587178 0.045262 0.999010 -0.003065 0.236798 0.015437 0.002368 0.999899 -0.024278
4444.734110 0.998701 -0.048863 -0.015233 4.695448 0.048825 0.998846 -0.002787 0.226241 0.015348 0.002040 0.999902 -0.023556
4444.834699 0.998428 -0.054148 -0.015283 4.787970 0.054110 0.998574 -0.002790 0.231438 0.015408 0.001959 0.999902 -0.021850
4444.935294 0.998827 -0.045596 -0.017105 4.999716 0.045557 0.999004 -0.002599 0.249301 0.017203 0.001817 0.999874 -0.024420
4445.046131 0.998819 -0.045848 -0.016908 5.042471 0.045812 0.998993 -0.002483 0.253664 0.017001 0.001705 0.999878 -0.021421
4445.146780 0.998813 -0.045892 -0.017161 5.092224 0.045855 0.998991 -0.002493 0.256399 0.017254 0.001703 0.999874 -0.023592
4445.247590 0.998442 -0.053441 -0.016874 5.214521 0.053395 0.998618 -0.003113 0.255955 0.017012 0.002207 0.999876 -0.021249
4445.338192 0.998387 -0.054379 -0.017110 5.280074 0.054325 0.998567 -0.003584 0.254054 0.017276 0.002648 0.999871 -0.021953
4445.428786 0.998362 -0.054520 -0.018051 5.381596 0.054473 0.998561 -0.003052 0.259380 0.018187 0.002064 0.999857 -0.019677
4445.529390 0.998757 -0.046400 -0.018927 5.546116 0.046353 0.998973 -0.002878 0.270388 0.019036 0.001997 0.999841 -0.015733
4445.640096 0.998766 -0.046195 -0.018942 5.600737 0.046178 0.998985 -0.001268 0.278171 0.018976 0.000392 0.999844 -0.013905
4445.740747 0.998365 -0.054161 -0.018984 5.716330 0.054131 0.998585 -0.002006 0.272656 0.019061 0.000975 0.999843 -0.014559
4445.841385 0.998342 -0.054705 -0.018639 5.772418 0.054670 0.998556 -0.002362 0.284612 0.018737 0.001339 0.999849 -0.006828
4445.942012 0.998249 -0.056196 -0.019188 5.847462 0.056151 0.998474 -0.002879 0.281376 0.019316 0.001797 0.999838 -0.007702
4446.032545 0.998736 -0.046221 -0.020405 6.040082 0.046191 0.998988 -0.001922 0.298827 0.020468 0.000977 0.999816 -0.008864
4446.133147 0.998711 -0.046857 -0.020144 6.084360 0.046830 0.998958 -0.001829 0.299859 0.020203 0.000883 0.999821 -0.006161
4446.223665 0.998686 -0.047414 -0.020107 6.117758 0.047392 0.998933 -0.001565 0.303742 0.020154 0.000610 0.999823 -0.006145
4446.324312 0.998693 -0.047350 -0.019883 6.150367 0.047329 0.998936 -0.001509 0.308066 0.019928 0.000566 0.999827 -0.001905
4446.434975 0.998639 -0.048800 -0.018998 6.203020 0.048782 0.998866 -0.001387 0.306913 0.019039 0.000458 0.999844 0.009714
4446.535682 0.998535 -0.050978 -0.018704 6.289553 0.050955 0.998758 -0.001699 0.301707 0.018762 0.000743 0.999849 0.017636
4446.636338 0.998660 -0.047873 -0.020215 6.548887 0.047845 0.998911 -0.001883 0.321678 0.020278 0.000914 0.999820 0.013877
4446.736993 0.998661 -0.047731 -0.020535 6.608913 0.047701 0.998919 -0.001960 0.328166 0.020602 0.000978 0.999814 0.014026
4446.837654 0.998636 -0.048329 -0.020358 6.653799 0.048312 0.998891 -0.001328 0.328104 0.020394 0.000343 0.999819 0.017500
4446.938303 0.998558 -0.050095 -0.019891 6.735604 0.050088 0.998805 -0.000819 0.322811 0.019903 -0.000178 0.999829 0.024335
4447.038947 0.998657 -0.047403 -0.021506 7.035152 0.047363 0.998935 -0.002369 0.347546 0.021590 0.001348 0.999793 0.020431
4447.129487 0.998627 -0.047922 -0.021701 7.076611 0.047882 0.998911 -0.002357 0.350960 0.021785 0.001315 0.999788 0.022954
4447.241259 0.998624 -0.048006 -0.021674 7.118528 0.047985 0.998908 -0.001453 0.350958 0.021715 0.000411 0.999791 0.027333
4447.331803 0.998598 -0.048544 -0.021682 7.161546 0.048528 0.998883 -0.001281 0.355668 0.021714 0.000227 0.999791 0.029272
4447.442454 0.998504 -0.050721 -0.021024 7.238542 0.050740 0.998774 0.000417 0.347192 0.020972 -0.001483 0.999805 0.034069
4447.533014 0.998604 -0.047944 -0.022693 7.540021 0.047918 0.998913 -0.001715 0.368289 0.022745 0.000625 0.999767 0.034726
4447.643704 0.998603 -0.048104 -0.022472 7.582130 0.048079 0.998906 -0.001656 0.373143 0.022522 0.000574 0.999773 0.037271
4447.734332 0.998562 -0.048828 -0.022701 7.619468 0.048811 0.998871 -0.001327 0.376828 0.022734 0.000217 0.999768 0.037114
4447.853536 0.998534 -0.049402 -0.022701 7.664464 0.049389 0.998843 -0.001122 0.380998 0.022724 -0.000001 0.999769 0.036839
4447.944370 0.998435 -0.051507 -0.022373 7.749368 0.051524 0.998737 0.000189 0.375694 0.022329 -0.001341 0.999777 0.046800
4448.034947 0.998563 -0.048132 -0.024071 8.004090 0.048085 0.998906 -0.002550 0.394000 0.024162 0.001389 0.999737 0.048867
4448.135582 0.998529 -0.048781 -0.024204 8.057333 0.048746 0.998876 -0.002057 0.397799 0.024272 0.000874 0.999734 0.050532
4448.236196 0.998527 -0.048634 -0.024578 8.098119 0.048581 0.998883 -0.002762 0.400792 0.024679 0.001564 0.999724 0.049811
4448.336859 0.998513 -0.048924 -0.024572 8.131425 0.048873 0.998869 -0.002692 0.403519 0.024670 0.001487 0.999725 0.050919
4448.437487 0.998506 -0.049197 -0.024343 8.165987 0.049147 0.998856 -0.002685 0.406046 0.024441 0.001485 0.999731 0.054914
4448.528088 0.998473 -0.050087 -0.023918 8.216352 0.050050 0.998814 -0.002145 0.407933 0.023991 0.000945 0.999744 0.057848
4448.638809 0.998387 -0.051837 -0.023822 8.293571 0.051813 0.998725 -0.001631 0.410613 0.023870 0.000395 0.999747 0.056462
4448.729357 0.998508 -0.048832 -0.025073 8.565465 0.048778 0.998877 -0.002758 0.426804 0.025173 0.001531 0.999715 0.062798
4448.840033 0.998471 -0.049358 -0.025496 8.624395 0.049298 0.998851 -0.002969 0.430940 0.025607 0.001708 0.999704 0.064134
4448.940682 0.998464 -0.049683 -0.025138 8.670178 0.049616 0.998834 -0.003279 0.436262 0.025266 0.002027 0.999712 0.067003
4449.041324 0.998391 -0.051332 -0.024766 8.755733 0.051296 0.998754 -0.002101 0.434227 0.024837 0.000827 0.999724 0.071270
4449.131874 0.998463 -0.049180 -0.026181 9.049604 0.049084 0.998859 -0.004311 0.450866 0.026356 0.003020 0.999681 0.068049
4449.243056 0.998439 -0.049565 -0.026433 9.092856 0.049472 0.998841 -0.004193 0.456962 0.026604 0.002879 0.999675 0.075671
4449.333650 0.998452 -0.049126 -0.026761 9.132048 0.049052 0.998865 -0.003442 0.462950 0.026893 0.002124 0.999669 0.073258
4449.434392 0.998380 -0.050662 -0.026552 9.181334 0.050627 0.998790 -0.002010 0.457656 0.026615 0.000663 0.999678 0.071487
4449.524980 0.998280 -0.052360 -0.027045 9.260952 0.052368 0.998703 -0.000433 0.454864 0.027026 -0.000984 0.999667 0.066746
4449.625632 0.998401 -0.048995 -0.028853 9.548584 0.048982 0.998877 -0.001168 0.480067 0.028871 -0.000247 0.999617 0.064941
4449.736422 0.998443 -0.049428 -0.026563 9.587466 0.049443 0.998856 -0.000125 0.479715 0.026532 -0.001188 0.999681 0.071332
4449.837072 0.998447 -0.049378 -0.026525 9.631918 0.049438 0.998855 0.001567 0.479880 0.026411 -0.002876 0.999681 0.069942
4449.927617 0.998435 -0.049725 -0.026292 9.683667 0.049803 0.998836 0.002273 0.480848 0.026142 -0.003578 0.999685 0.071944
4450.038288 0.998434 -0.051309 -0.023100 9.757713 0.051303 0.998763 -0.000863 0.482350 0.023109 -0.000323 0.999765 0.101059
4450.138937 0.998655 -0.048167 -0.020165 10.020521 0.048128 0.998920 -0.002427 0.490586 0.020253 0.001453 0.999826 0.089795
4450.239596 0.998617 -0.048443 -0.021333 10.072474 0.048436 0.998908 -0.000902 0.492222 0.021347 -0.000132 0.999805 0.085762
4450.330202 0.998598 -0.048624 -0.021813 10.118115 0.048648 0.998898 0.000555 0.496415 0.021755 -0.001615 0.999795 0.084550
4450.430836 0.998571 -0.049139 -0.021890 10.149598 0.049164 0.998874 0.000577 0.501497 0.021830 -0.001653 0.999793 0.086779
4450.541493 0.998547 -0.049540 -0.022076 10.187688 0.049568 0.998854 0.000670 0.505159 0.022011 -0.001763 0.999789 0.087221
4450.642152 0.998492 -0.050612 -0.022176 10.241458 0.050645 0.998800 0.000882 0.506830 0.022098 -0.002004 0.999787 0.088064
4450.732719 0.998520 -0.049677 -0.023015 10.533774 0.049687 0.998850 -0.000177 0.522885 0.022991 -0.000967 0.999768 0.094913
4450.843416 0.998509 -0.049683 -0.023485 10.580035 0.049709 0.998849 0.000487 0.529165 0.023426 -0.001653 0.999758 0.095155
4450.933982 0.998479 -0.050068 -0.023951 10.642598 0.050091 0.998830 0.000325 0.534163 0.023899 -0.001524 0.999747 0.097989
4451.034701 0.998447 -0.050578 -0.024213 10.696138 0.050620 0.998804 0.001086 0.536300 0.024122 -0.002310 0.999740 0.096893
4451.135363 0.998376 -0.052009 -0.024156 10.793429 0.052039 0.998731 0.000587 0.539481 0.024088 -0.001843 0.999742 0.098667
4451.235956 0.998506 -0.049580 -0.023918 11.061016 0.049576 0.998857 -0.000786 0.543567 0.023922 -0.000401 0.999748 0.105518
4451.336587 0.998470 -0.050075 -0.024407 11.099388 0.050097 0.998832 0.000240 0.549767 0.024359 -0.001462 0.999737 0.109865
4451.437239 0.998442 -0.050458 -0.024806 11.144341 0.050489 0.998812 0.000569 0.553531 0.024741 -0.001821 0.999728 0.112246
4451.537878 0.998409 -0.050768 -0.025515 11.194748 0.050816 0.998796 0.001223 0.560411 0.025415 -0.002517 0.999710 0.116168
4451.646614 0.998383 -0.051480 -0.025175 11.277675 0.051553 0.998757 0.002239 0.555789 0.025021 -0.003533 0.999718 0.115950
4451.737289 0.998464 -0.049371 -0.026108 11.565802 0.049376 0.998870 -0.000483 0.561678 0.026095 -0.000806 0.999696 0.129041
4451.837928 0.998421 -0.049897 -0.026712 11.608996 0.049912 0.998843 -0.000125 0.565312 0.026680 -0.001208 0.999680 0.129496
4451.938542 0.998401 -0.050431 -0.026464 11.650852 0.050476 0.998815 0.000971 0.572006 0.026376 -0.002306 0.999685 0.126893
4452.029113 0.998398 -0.050428 -0.026584 11.700591 0.050478 0.998814 0.001140 0.572814 0.026487 -0.002480 0.999681 0.129381
4452.139848 0.998291 -0.052588 -0.026413 11.770578 0.052645 0.998703 0.001445 0.583310 0.026295 -0.002833 0.999686 0.128722
4452.230438 0.998510 -0.048874 -0.025266 12.049595 0.048900 0.998894 0.000381 0.582490 0.025212 -0.001616 0.999717 0.131057
4452.341335 0.998440 -0.049989 -0.025882 12.092651 0.049983 0.998841 -0.000908 0.590743 0.025890 -0.000386 0.999702 0.137033
4452.441947 0.998408 -0.050476 -0.026158 12.135244 0.050479 0.998816 -0.000572 0.601688 0.026148 -0.000749 0.999694 0.139539
4452.522471 0.998384 -0.050883 -0.026283 12.163761 0.050891 0.998795 -0.000395 0.606088 0.026263 -0.000943 0.999691 0.140879
4452.633196 0.998360 -0.051239 -0.026480 12.204293 0.051251 0.998777 -0.000263 0.609623 0.026453 -0.001094 0.999686 0.142571
4452.723752 0.998303 -0.052359 -0.026412 12.246817 0.052385 0.998718 0.000255 0.617246 0.026357 -0.001638 0.999687 0.144591
4452.834487 0.998353 -0.050999 -0.027108 12.556799 0.051017 0.998788 -0.000093 0.622231 0.027073 -0.001290 0.999667 0.151268
4452.935109 0.998325 -0.051382 -0.027439 12.599677 0.051385 0.998770 -0.000652 0.628180 0.027431 -0.000758 0.999658 0.154412
4453.035737 0.998289 -0.052026 -0.027465 12.657490 0.052015 0.998736 -0.001135 0.636823 0.027482 -0.000295 0.999657 0.157369
4453.136388 0.998293 -0.051866 -0.027675 12.714934 0.051878 0.998744 -0.000328 0.636570 0.027649 -0.001108 0.999651 0.156815
4453.237051 0.998222 -0.053319 -0.027454 12.784279 0.053352 0.998667 0.000419 0.643190 0.027387 -0.001883 0.999658 0.163389
4453.337666 0.998348 -0.050612 -0.027979 13.085653 0.050592 0.998810 -0.001487 0.639139 0.028013 0.000070 0.999642 0.169496
4453.438389 0.998301 -0.051231 -0.028492 13.117874 0.051215 0.998778 -0.001334 0.649336 0.028517 -0.000127 0.999628 0.174002
4453.539054 0.998247 -0.052075 -0.028839 13.153010 0.052064 0.998735 -0.001154 0.657539 0.028855 -0.000349 0.999618 0.176284
4453.639720 0.998221 -0.052504 -0.028958 13.210891 0.052453 0.998712 -0.002544 0.663842 0.029046 0.001021 0.999612 0.180431
4453.740295 0.998171 -0.053745 -0.028347 13.264700 0.053651 0.998643 -0.004131 0.673188 0.028522 0.002603 0.999624 0.178405
4453.840935 0.998297 -0.051021 -0.028878 13.586487 0.050885 0.998782 -0.005492 0.671567 0.029115 0.004014 0.999602 0.197319
4453.941549 0.998272 -0.051579 -0.028774 13.626715 0.051445 0.998753 -0.005472 0.678207 0.029012 0.003982 0.999605 0.196383
4454.032086 0.998219 -0.052402 -0.029072 13.661386 0.052261 0.998710 -0.005664 0.687970 0.029323 0.004135 0.999596 0.192801
4454.142737 0.998184 -0.053149 -0.028920 13.709323 0.053035 0.998675 -0.004753 0.696476 0.029126 0.003211 0.999605 0.194508
4454.233271 0.998186 -0.053909 -0.027406 13.756766 0.053829 0.998637 -0.003699 0.702011 0.027560 0.002218 0.999652 0.192540
4454.333880 0.998282 -0.051897 -0.027761 14.074929 0.051804 0.998744 -0.004169 0.701108 0.027935 0.002724 0.999642 0.217851
4454.434489 0.998258 -0.052077 -0.028251 14.115125 0.051994 0.998737 -0.003744 0.708206 0.028402 0.002269 0.999630 0.220787
4454.545226 0.998235 -0.052381 -0.028516 14.146372 0.052275 0.998719 -0.004570 0.711732 0.028711 0.003071 0.999619 0.223870
4454.635817 0.998203 -0.052991 -0.028492 14.175551 0.052886 0.998687 -0.004524 0.718445 0.028686 0.003010 0.999620 0.223732
4454.736578 0.998162 -0.053682 -0.028620 14.213434 0.053593 0.998651 -0.003964 0.723523 0.028786 0.002423 0.999619 0.224053
4454.837213 0.998126 -0.054364 -0.028579 14.258204 0.054283 0.998615 -0.003681 0.727961 0.028731 0.002123 0.999621 0.224641
4454.937799 0.998197 -0.052651 -0.029280 14.571757 0.052610 0.998710 -0.002291 0.730007 0.029355 0.000746 0.999607 0.228529
4455.028315 0.998161 -0.053289 -0.029329 14.620232 0.053253 0.998676 -0.002124 0.740877 0.029395 0.000559 0.999606 0.229704
4455.138973 0.998173 -0.053450 -0.028606 14.675405 0.053408 0.998668 -0.002326 0.744772 0.028684 0.000794 0.999627 0.224884
4455.239666 0.998219 -0.053160 -0.027555 14.723631 0.053123 0.998684 -0.002164 0.746109 0.027626 0.000696 0.999658 0.216800
4455.330263 0.998157 -0.054490 -0.027196 14.787081 0.054443 0.998612 -0.002564 0.754757 0.027290 0.001078 0.999667 0.212444
4455.430895 0.998354 -0.051638 -0.025464 15.099060 0.051674 0.998762 0.000627 0.747818 0.025392 -0.001942 0.999716 0.238584
4455.531478 0.998325 -0.052193 -0.025456 15.134848 0.052205 0.998736 -0.000326 0.752551 0.025433 -0.001003 0.999717 0.236793
4455.632128 0.998276 -0.053259 -0.025177 15.175663 0.053249 0.998680 -0.001191 0.766286 0.025200 -0.000152 0.999723 0.245517
4455.732701 0.998235 -0.054066 -0.025108 15.232919 0.054075 0.998636 -0.000428 0.769270 0.025089 -0.000930 0.999726 0.249098
4455.843352 0.998171 -0.055322 -0.024906 15.319748 0.055336 0.998568 -0.000220 0.772667 0.024874 -0.001159 0.999732 0.254377
4455.933934 0.998320 -0.052213 -0.025649 15.609171 0.052181 0.998737 -0.002069 0.774569 0.025717 0.000727 0.999712 0.258176
4456.044624 0.998269 -0.053271 -0.025446 15.636704 0.053264 0.998681 -0.001109 0.786058 0.025464 -0.000249 0.999718 0.264194
4456.135198 0.998246 -0.053565 -0.025746 15.678903 0.053559 0.998665 -0.001030 0.792006 0.025759 -0.000351 0.999710 0.266827
4456.249517 0.998084 -0.056466 -0.025867 15.739225 0.056468 0.998506 -0.000767 0.796101 0.025863 -0.000695 0.999708 0.269031
4456.330020 0.998023 -0.057552 -0.025857 15.796678 0.057551 0.998445 -0.000905 0.800735 0.025861 -0.000585 0.999709 0.270839
4456.430666 0.998181 -0.054837 -0.025671 16.065208 0.054831 0.998599 -0.001057 0.788132 0.025685 -0.000352 0.999715 0.264363
4456.531249 0.998069 -0.056391 -0.026661 16.110744 0.056403 0.998513 -0.000387 0.790387 0.026635 -0.001117 0.999691 0.269400
4456.631853 0.998081 -0.056451 -0.026106 16.138298 0.056453 0.998510 -0.000779 0.795402 0.026103 -0.000696 0.999706 0.268546
4456.742575 0.997999 -0.057918 -0.025993 16.175835 0.057900 0.998426 -0.001559 0.804020 0.026034 0.000051 0.999708 0.269004
4456.843239 0.997956 -0.058648 -0.026020 16.197557 0.058637 0.998384 -0.001282 0.810087 0.026045 -0.000246 0.999708 0.269133
4456.933812 0.997855 -0.060328 -0.026036 16.226749 0.060327 0.998284 -0.000928 0.814602 0.026039 -0.000645 0.999708 0.268390
4457.024392 0.997818 -0.060875 -0.026214 16.256447 0.060870 0.998251 -0.001073 0.814913 0.026225 -0.000525 0.999704 0.268339
4457.125039 0.997747 -0.062121 -0.025999 16.305107 0.062111 0.998174 -0.001299 0.822166 0.026024 -0.000319 0.999709 0.264544
4457.235742 0.997912 -0.059180 -0.026597 16.557247 0.059154 0.998355 -0.001872 0.818544 0.026655 0.000295 0.999693 0.274873
4457.336343 0.997839 -0.060602 -0.026114 16.593315 0.060592 0.998270 -0.001248 0.822418 0.026136 -0.000337 0.999707 0.273231
4457.437007 0.997641 -0.063800 -0.026078 16.631496 0.063813 0.998070 -0.000399 0.822528 0.026044 -0.001266 0.999709 0.270776
4457.537591 0.997671 -0.063280 -0.026203 16.668343 0.063290 0.998104 -0.000513 0.821171 0.026177 -0.001146 0.999706 0.270981
4457.648722 0.997638 -0.063845 -0.026101 16.704258 0.063855 0.998068 -0.000518 0.830995 0.026076 -0.001150 0.999709 0.271005
4457.739265 0.997608 -0.064345 -0.026000 16.736397 0.064354 0.998036 -0.000546 0.830365 0.025975 -0.001128 0.999710 0.271158
4457.839832 0.997545 -0.065340 -0.025935 16.778614 0.065356 0.997971 -0.000301 0.836318 0.025893 -0.001395 0.999712 0.267577
4457.940439 0.997308 -0.069311 -0.024721 16.857086 0.069328 0.997704 -0.000227 0.835046 0.024672 -0.001488 0.999745 0.274008
4458.041063 0.997700 -0.063158 -0.025468 17.084652 0.063165 0.998115 -0.000579 0.831550 0.025448 -0.001031 0.999729 0.284651
4458.141638 0.997682 -0.063155 -0.026152 17.111671 0.063148 0.998115 -0.001138 0.840927 0.026166 -0.000516 0.999711 0.285463
4458.252482 0.997652 -0.063648 -0.026083 17.131935 0.063655 0.998082 -0.000631 0.847054 0.026065 -0.001031 0.999713 0.282645
4458.333004 0.997648 -0.063644 -0.026262 17.154625 0.063637 0.998083 -0.001188 0.848575 0.026279 -0.000486 0.999708 0.284340
4458.447013 0.997637 -0.063747 -0.026393 17.179008 0.063747 0.998076 -0.000917 0.851686 0.026393 -0.000767 0.999704 0.284918
4458.537607 0.997618 -0.063965 -0.026551 17.218113 0.063964 0.998061 -0.000973 0.852102 0.026554 -0.000727 0.999699 0.287006
4458.638278 0.997598 -0.064412 -0.026212 17.243687 0.064398 0.998033 -0.001444 0.855803 0.026245 -0.000247 0.999707 0.286553
4458.738918 0.997546 -0.065263 -0.026077 17.279444 0.065235 0.997978 -0.002005 0.859124 0.026147 0.000299 0.999709 0.285510
4458.848886 0.997302 -0.069521 -0.024358 17.342396 0.069498 0.997691 -0.001889 0.857349 0.024425 0.000191 0.999752 0.290594
4458.939445 0.997629 -0.064773 -0.024141 17.567665 0.064853 0.998002 0.002446 0.850793 0.023926 -0.004006 0.999757 0.293941
4459.051445 0.997619 -0.064921 -0.024203 17.607807 0.064968 0.997997 0.001110 0.854796 0.024075 -0.002680 0.999758 0.305025
4459.142203 0.997577 -0.065605 -0.024083 17.624596 0.065650 0.997953 0.001008 0.860473 0.023960 -0.002587 0.999762 0.306434
4459.252930 0.997549 -0.065814 -0.024666 17.660151 0.065848 0.997941 0.000461 0.866788 0.024577 -0.002084 0.999748 0.311635
4459.333423 0.997541 -0.065900 -0.024758 17.683697 0.065927 0.997936 0.000193 0.864284 0.024686 -0.001825 0.999747 0.308452
4459.453934 0.997502 -0.066114 -0.025754 17.716322 0.066149 0.997921 0.000432 0.872920 0.025663 -0.002135 0.999722 0.303255
4459.534456 0.997403 -0.067600 -0.025772 17.738544 0.067618 0.997823 -0.000250 0.877798 0.025724 -0.001494 0.999722 0.307300
4459.649477 0.997322 -0.068915 -0.025441 17.777061 0.068919 0.997735 -0.000789 0.883508 0.025430 -0.000967 0.999732 0.307832
4459.740024 0.997272 -0.069746 -0.025226 17.839298 0.069757 0.997678 -0.000483 0.887484 0.025193 -0.001278 0.999740 0.311621
4459.849437 0.997256 -0.070193 -0.024635 17.889740 0.070231 0.997644 0.000619 0.891630 0.024525 -0.002347 0.999754 0.307692
4459.939985 0.997518 -0.066521 -0.024243 18.041145 0.066579 0.997894 0.001550 0.885736 0.024080 -0.003161 0.999764 0.314169
4460.052690 0.997513 -0.066314 -0.025050 18.083652 0.066374 0.997908 0.001558 0.891912 0.024886 -0.003217 0.999745 0.318330
4460.133154 0.997483 -0.066675 -0.025279 18.122105 0.066729 0.997885 0.001259 0.894885 0.025133 -0.002942 0.999741 0.323233
4460.251409 0.997462 -0.066736 -0.025968 18.148109 0.066774 0.997884 0.000560 0.898722 0.025867 -0.002293 0.999724 0.321610
4460.331908 0.997393 -0.067704 -0.026088 18.185499 0.067746 0.997818 0.000695 0.900317 0.025975 -0.002460 0.999721 0.321013
4460.448681 0.997381 -0.067878 -0.026090 18.205215 0.067926 0.997805 0.000910 0.903085 0.025962 -0.002680 0.999721 0.319922
4460.539220 0.997333 -0.068602 -0.026071 18.224621 0.068652 0.997756 0.001000 0.908815 0.025935 -0.002787 0.999721 0.318216
4460.639828 0.997295 -0.069155 -0.026037 18.249634 0.069205 0.997717 0.001010 0.913278 0.025900 -0.002810 0.999722 0.317845
4460.730362 0.997278 -0.069341 -0.026183 18.277328 0.069389 0.997704 0.000928 0.916982 0.026050 -0.002743 0.999718 0.318747
4460.853546 0.997244 -0.069824 -0.026179 18.318684 0.069876 0.997670 0.001065 0.926205 0.026035 -0.002891 0.999718 0.318337
4460.934032 0.997348 -0.068250 -0.026442 18.529888 0.068300 0.997784 0.000939 0.932421 0.026310 -0.002743 0.999715 0.325212
4461.051974 0.997343 -0.068357 -0.026350 18.561775 0.068404 0.997776 0.000876 0.934064 0.026223 -0.002677 0.999717 0.327445
4461.142635 0.997318 -0.068694 -0.026459 18.598223 0.068742 0.997754 0.000895 0.932186 0.026330 -0.002712 0.999714 0.327746
4461.249458 0.997317 -0.068723 -0.026449 18.632029 0.068770 0.997753 0.000850 0.937136 0.026322 -0.002667 0.999715 0.329257
4461.340036 0.997321 -0.068592 -0.026663 18.664553 0.068636 0.997763 0.000719 0.935165 0.026545 -0.002548 0.999709 0.330678
4461.450787 0.997302 -0.068871 -0.026656 18.708605 0.068915 0.997744 0.000723 0.946195 0.026537 -0.002559 0.999709 0.331513
4461.541408 0.997249 -0.069704 -0.026478 18.739063 0.069747 0.997686 0.000689 0.954289 0.026360 -0.002535 0.999714 0.332971
4461.645691 0.997265 -0.069500 -0.026422 18.793131 0.069550 0.997700 0.000971 0.953960 0.026285 -0.002807 0.999715 0.330351
4461.726188 0.997264 -0.069603 -0.026141 18.851307 0.069661 0.997692 0.001300 0.961051 0.025982 -0.003118 0.999722 0.330506
4461.851471 0.997289 -0.069251 -0.026134 19.019882 0.069317 0.997717 0.001589 0.969258 0.025956 -0.003398 0.999720 0.335124
4461.931904 0.997276 -0.069198 -0.026738 19.066809 0.069257 0.997721 0.001253 0.971280 0.026582 -0.003102 0.999704 0.340785
4462.041472 0.997274 -0.069191 -0.026903 19.099924 0.069245 0.997723 0.001045 0.971948 0.026760 -0.002906 0.999701 0.344461
4462.142216 0.997243 -0.069501 -0.027268 19.130743 0.069549 0.997702 0.000763 0.979169 0.027143 -0.002659 0.999692 0.348669
4462.242828 0.997236 -0.069571 -0.027343 19.162462 0.069611 0.997698 0.000494 0.979316 0.027237 -0.002397 0.999691 0.351259
4462.343421 0.997241 -0.069529 -0.027248 19.197218 0.069574 0.997700 0.000687 0.983141 0.027128 -0.002582 0.999693 0.349827
4462.451966 0.997208 -0.069970 -0.027342 19.231737 0.070012 0.997670 0.000537 0.991565 0.027231 -0.002451 0.999690 0.348602
4462.532504 0.997142 -0.071002 -0.027085 19.264545 0.071045 0.997597 0.000611 0.998480 0.026967 -0.002534 0.999698 0.349498
4462.652816 0.997126 -0.071260 -0.027017 19.307995 0.071305 0.997579 0.000661 1.004072 0.026896 -0.002586 0.999699 0.347736
4462.743410 0.996844 -0.075089 -0.027097 19.374475 0.075149 0.997298 0.001201 1.023308 0.026925 -0.003235 0.999697 0.350586
4462.848861 0.997254 -0.069585 -0.026750 19.550161 0.069647 0.997698 0.001417 1.018599 0.026580 -0.003278 0.999705 0.356033
4462.939401 0.997230 -0.069680 -0.027417 19.578699 0.069753 0.997690 0.001727 1.020130 0.027224 -0.003636 0.999687 0.354377
4463.046613 0.997245 -0.069288 -0.027821 19.622530 0.069340 0.997719 0.000921 1.014739 0.027685 -0.002849 0.999677 0.362684
4463.137160 0.997227 -0.069526 -0.027928 19.652201 0.069588 0.997702 0.001233 1.013605 0.027769 -0.003175 0.999674 0.361087
4463.245480 0.997227 -0.069555 -0.027851 19.682791 0.069614 0.997700 0.001191 1.013313 0.027695 -0.003128 0.999676 0.360949
4463.336021 0.997202 -0.069832 -0.028035 19.717302 0.069889 0.997681 0.001064 1.024090 0.027886 -0.003022 0.999670 0.361786
4463.451534 0.997150 -0.070629 -0.027933 19.749420 0.070689 0.997626 0.001175 1.032931 0.027774 -0.003147 0.999673 0.359906
4463.542335 0.997138 -0.070919 -0.027637 19.786407 0.070978 0.997607 0.001172 1.038502 0.027478 -0.003132 0.999681 0.360068
4463.649959 0.997118 -0.071029 -0.028051 19.828100 0.071091 0.997598 0.001208 1.041340 0.027888 -0.003201 0.999670 0.361120
4463.730455 0.996925 -0.074436 -0.025989 19.890692 0.074512 0.997348 0.002005 1.056588 0.025762 -0.003937 0.999724 0.360960
4463.847494 0.997245 -0.070172 -0.025608 20.031635 0.070252 0.997659 0.002210 1.043673 0.025384 -0.004005 0.999732 0.369091
4463.938059 0.997184 -0.070999 -0.025702 20.059177 0.071073 0.997601 0.001971 1.047772 0.025491 -0.003794 0.999730 0.370341
4464.051966 0.997195 -0.070715 -0.026027 20.090084 0.070793 0.997620 0.002057 1.046012 0.025811 -0.003895 0.999721 0.372906
4464.132501 0.997124 -0.071565 -0.026442 20.116116 0.071643 0.997560 0.001992 1.047643 0.026226 -0.003883 0.999710 0.377046
4464.249405 0.997128 -0.071484 -0.026542 20.143574 0.071551 0.997568 0.001577 1.046651 0.026356 -0.003474 0.999707 0.380281
4464.339933 0.997120 -0.071437 -0.026968 20.167597 0.071506 0.997570 0.001587 1.044821 0.026780 -0.003513 0.999696 0.379033
4464.449440 0.997096 -0.071855 -0.026720 20.179132 0.071919 0.997541 0.001394 1.049852 0.026545 -0.003313 0.999702 0.379795
4464.539970 0.997084 -0.072038 -0.026651 20.194267 0.072103 0.997527 0.001440 1.045898 0.026472 -0.003359 0.999704 0.379966
4464.655471 0.997035 -0.072661 -0.026787 20.207239 0.072728 0.997482 0.001489 1.056416 0.026602 -0.003435 0.999701 0.380889
4464.735953 0.997018 -0.072909 -0.026750 20.222397 0.072971 0.997464 0.001331 1.056325 0.026576 -0.003281 0.999702 0.382132
4464.848519 0.996990 -0.073285 -0.026767 20.239582 0.073352 0.997436 0.001506 1.057458 0.026579 -0.003467 0.999701 0.381287
4464.939062 0.996955 -0.073760 -0.026755 20.255140 0.073829 0.997401 0.001569 1.065798 0.026560 -0.003542 0.999700 0.381274
4465.052649 0.996938 -0.073993 -0.026784 20.272839 0.074060 0.997384 0.001473 1.071078 0.026596 -0.003454 0.999700 0.380431
4465.133149 0.996888 -0.074697 -0.026705 20.299213 0.074764 0.997333 0.001481 1.079450 0.026514 -0.003475 0.999701 0.378750
4465.248443 0.996621 -0.078356 -0.026177 20.370640 0.078424 0.997051 0.001567 1.090171 0.025968 -0.003617 0.999716 0.380916
4465.328917 0.996633 -0.078230 -0.026146 20.403168 0.078306 0.997061 0.001831 1.096903 0.025917 -0.003875 0.999716 0.380947
4465.446531 0.997073 -0.072057 -0.027203 20.573029 0.072126 0.997529 0.001530 1.065316 0.027017 -0.003490 0.999689 0.389309
4465.537076 0.997181 -0.070513 -0.027294 20.594103 0.070582 0.997640 0.001542 1.067191 0.027112 -0.003467 0.999686 0.389566
4465.650938 0.997216 -0.069987 -0.027394 20.602781 0.070054 0.997678 0.001475 1.071153 0.027217 -0.003393 0.999684 0.391266
4465.731468 0.997037 -0.072585 -0.027192 20.610077 0.072653 0.997493 0.001480 1.069204 0.027007 -0.003454 0.999690 0.389438
4465.849457 0.996790 -0.075969 -0.026960 20.622305 0.076039 0.997240 0.001572 1.056164 0.026757 -0.003620 0.999696 0.388086
4465.940301 0.996788 -0.076029 -0.026892 20.620800 0.076099 0.997235 0.001549 1.060353 0.026690 -0.003593 0.999697 0.388828
4466.049474 0.996781 -0.076101 -0.026930 20.620155 0.076173 0.997230 0.001633 1.056920 0.026721 -0.003681 0.999696 0.388426
4466.140047 0.996792 -0.076003 -0.026781 20.620979 0.076075 0.997237 0.001645 1.057702 0.026572 -0.003680 0.999700 0.386959
4466.256424 0.996794 -0.075914 -0.026974 20.619524 0.075986 0.997245 0.001633 1.063371 0.026766 -0.003680 0.999694 0.386662
4466.336936 0.998468 -0.049136 -0.027126 20.564201 0.049201 0.998924 0.001619 1.119066 0.027008 -0.002954 0.999691 0.383760
4466.446820 0.999624 -0.011395 -0.026742 20.506342 0.011452 1.000072 0.001714 1.139663 0.026715 -0.002022 0.999702 0.380959
4466.537362 0.999329 0.027115 -0.026543 20.504282 -0.027075 0.999772 0.001527 1.119589 0.026568 -0.000810 0.999707 0.384000
4466.650918 0.997595 0.064933 -0.026287 20.471905 -0.064897 0.998032 0.001728 1.150403 0.026338 -0.000021 0.999713 0.377606
4466.741500 0.993780 0.108666 -0.026465 20.545780 -0.108640 0.994221 0.001750 1.098605 0.026492 0.001133 0.999708 0.381618
4466.848687 0.989540 0.142050 -0.027331 20.497272 -0.142043 0.990003 0.001472 1.144075 0.027258 0.002422 0.999684 0.384429
