4434.722809 1.000000 -0.000038 0.000206 0.000087 0.000038 1.000000 -0.000187 0.001618 -0.000206 0.000187 1.000000 0.004106
4434.843776 1.000000 0.000026 -0.000025 -0.001193 -0.000026 1.000000 -0.000062 0.000760 0.000025 0.000062 1.000000 -0.000815
4434.935475 1.000000 -0.000011 -0.000009 0.000975 0.000011 1.000000 0.000026 -0.000348 0.000009 -0.000026 1.000000 -0.000315
4435.039379 1.000000 -0.000041 0.000002 -0.000782 0.000041 1.000000 -0.000037 0.000682 -0.000002 0.000037 1.000000 0.000376
4435.141574 1.000000 -0.000074 0.000023 0.001269 0.000074 1.000000 0.000129 -0.000375 -0.000023 -0.000129 1.000000 0.000550
4435.242843 1.000000 -0.000075 0.000020 -0.000922 0.000075 1.000000 -0.000023 0.000003 -0.000020 0.000023 1.000000 0.000446
4435.334526 1.000000 -0.000037 -0.000013 -0.000019 0.000037 1.000000 -0.000042 -0.000160 0.000013 0.000042 1.000000 -0.000317
4435.435480 1.000000 0.000100 0.000001 0.000068 -0.000100 1.000000 0.000006 0.000505 -0.000001 -0.000006 1.000000 0.000074
4435.527064 1.000000 -0.000022 0.000016 0.000115 0.000022 1.000000 0.000044 -0.000003 -0.000016 -0.000044 1.000000 0.000458
4435.638724 1.000000 0.000063 0.000034 0.000099 -0.000063 1.000000 0.000124 0.000564 -0.000034 -0.000124 1.000000 0.000709
4435.730306 1.000000 -0.000053 -0.000032 -0.000285 0.000053 1.000000 -0.000075 -0.000073 0.000032 0.000075 1.000000 -0.000862
4435.831816 1.000000 0.000073 -0.000026 -0.000114 -0.000073 1.000000 -0.000088 0.000897 0.000026 0.000088 1.000000 -0.000392
4435.937830 1.000000 0.000063 0.000017 -0.001344 -0.000063 1.000000 -0.000063 0.000360 -0.000017 0.000063 1.000000 0.000105
4436.038779 1.000000 0.000034 -0.000011 -0.000737 -0.000034 1.000000 0.000033 0.000222 0.000011 -0.000033 1.000000 0.000041
4436.140465 1.000000 0.000029 -0.000012 0.000150 -0.000029 1.000000 0.000022 0.000749 0.000012 -0.000022 1.000000 -0.000396
4436.231441 1.000000 0.000112 -0.000009 0.000317 -0.000112 1.000000 -0.000084 0.000755 0.000009 0.000084 1.000000 -0.000146
4436.334126 1.000000 -0.000005 -0.000018 0.001085 0.000005 1.000000 0.000067 0.000292 0.000018 -0.000067 1.000000 -0.000244
4436.440127 1.000000 -0.000101 -0.000007 -0.001005 0.000101 1.000000 -0.000039 -0.000905 0.000007 0.000039 1.000000 -0.000119
4436.533247 1.000000 0.000070 -0.000035 0.000262 -0.000070 1.000000 -0.000039 0.001020 0.000035 0.000039 1.000000 -0.000870
4436.635268 1.000000 -0.000067 -0.000003 0.000712 0.000067 1.000000 0.000010 -0.000510 0.000003 -0.000010 1.000000 0.000160
4436.727026 1.000000 -0.000111 0.000005 0.000155 0.000111 1.000000 -0.000023 -0.000253 -0.000005 0.000023 1.000000 -0.000106
4436.828751 1.000000 -0.000271 0.000014 0.002370 0.000271 1.000000 -0.000027 0.000756 -0.000014 0.000027 1.000000 0.000437
4436.930515 1.000000 -0.000432 -0.000036 0.009179 0.000432 1.000000 0.000044 0.001123 0.000036 -0.000044 1.000000 -0.000190
4437.041822 1.000000 -0.000649 -0.000009 0.004896 0.000649 1.000000 0.000199 0.001640 0.000009 -0.000199 1.000000 -0.000132
4437.123557 1.000000 -0.000780 0.000007 0.006621 0.000780 1.000000 0.000070 0.004697 -0.000007 -0.000070 1.000000 0.000304
4437.236627 0.999999 -0.001271 -0.000020 0.008590 0.001271 0.999999 0.000099 0.004291 0.000020 -0.000099 1.000000 0.000281
4437.337737 0.999998 -0.001832 -0.000070 0.010361 0.001832 0.999998 0.000048 0.010873 0.000070 -0.000048 1.000000 -0.000165
4437.440274 0.999997 -0.002600 -0.000089 0.006306 0.002600 0.999997 0.000170 0.011788 0.000089 -0.000171 1.000000 -0.000927
4437.530937 0.999994 -0.003571 -0.000076 0.016377 0.003571 0.999994 0.000491 0.014622 0.000074 -0.000491 1.000000 -0.000812
4437.636466 1.000000 0.000154 -0.000047 0.014961 -0.000154 1.000000 -0.000020 0.003126 0.000047 0.000020 1.000000 -0.000006
4437.730519 1.000000 -0.000284 0.000097 0.010417 0.000284 1.000000 0.000387 -0.000589 -0.000097 -0.000387 1.000000 0.001495
4437.841459 1.000000 -0.000175 -0.000088 0.012569 0.000175 1.000000 -0.000110 0.001400 0.000088 0.000110 1.000000 -0.000914
4437.942431 1.000000 -0.000369 -0.000086 0.013830 0.000369 1.000000 0.000264 -0.000402 0.000086 -0.000264 1.000000 -0.000612
4438.035296 1.000000 -0.000005 -0.000039 0.015086 0.000005 1.000000 -0.000244 0.001936 0.000039 0.000244 1.000000 0.000718
4438.137074 1.000000 -0.000427 -0.000079 0.011430 0.000427 1.000000 0.000172 0.000174 0.000079 -0.000172 1.000000 -0.000298
4438.240533 1.000000 -0.000014 -0.000111 0.013899 0.000014 1.000000 0.000059 0.000162 0.000111 -0.000059 1.000000 -0.001876
4438.333527 1.000000 -0.000104 0.000071 0.016503 0.000104 1.000000 -0.000088 0.001013 -0.000071 0.000088 1.000000 -0.001949
4438.434608 1.000000 0.000029 -0.000065 0.017592 -0.000029 1.000000 0.000095 0.002767 0.000065 -0.000095 1.000000 -0.000231
4438.540171 1.000000 -0.000091 -0.000010 0.012215 0.000091 1.000000 0.000119 -0.000571 0.000010 -0.000119 1.000000 0.000121
4438.642237 1.000000 -0.000003 -0.000102 0.012063 0.000003 1.000000 0.000005 0.001912 0.000102 -0.000005 1.000000 -0.001037
4438.734576 1.000000 -0.000068 -0.000053 0.012216 0.000068 1.000000 0.000063 0.001050 0.000053 -0.000063 1.000000 -0.000489
4438.837150 1.000000 -0.000267 -0.000019 0.014664 0.000267 1.000000 0.000048 -0.001157 0.000019 -0.000048 1.000000 0.000629
4438.938567 1.000000 -0.000297 -0.000040 0.009869 0.000297 1.000000 -0.000106 -0.000214 0.000040 0.000106 1.000000 0.000477
4439.040841 1.000000 -0.000197 -0.000021 0.012420 0.000197 1.000000 0.000059 0.000950 0.000021 -0.000059 1.000000 -0.000126
4439.131551 1.000000 0.000070 -0.000014 0.014227 -0.000070 1.000000 0.000127 0.002644 0.000014 -0.000127 1.000000 0.000123
4439.233532 1.000000 0.000042 -0.000056 0.013517 -0.000042 1.000000 -0.000086 0.003003 0.000056 0.000086 1.000000 -0.000083
4439.335162 1.000000 -0.000239 -0.000066 0.014120 0.000239 1.000000 -0.000013 -0.000418 0.000066 0.000013 1.000000 -0.000369
4439.438859 1.000000 -0.000114 -0.000041 0.012492 0.000114 1.000000 -0.000085 0.001688 0.000041 0.000085 1.000000 -0.000148
4439.539712 1.000000 -0.000623 -0.000047 0.013492 0.000623 1.000000 -0.000101 -0.001159 0.000047 0.000101 1.000000 0.000321
4439.640732 1.000000 -0.000261 -0.000034 0.011441 0.000261 1.000000 -0.000086 0.000114 0.000034 0.000086 1.000000 0.000688
4439.732139 1.000000 0.000098 -0.000090 0.014810 -0.000098 1.000000 0.000041 0.002614 0.000090 -0.000041 1.000000 -0.000576
4439.833460 1.000000 -0.000261 -0.000053 0.014894 0.000261 1.000000 0.000089 -0.001255 0.000053 -0.000089 1.000000 0.000083
4439.925673 0.999934 0.011348 -0.001845 -0.006166 -0.011342 0.999931 0.003014 0.083080 0.001880 -0.002993 0.999994 -0.009121
4440.036562 1.000000 0.000900 -0.000107 0.014737 -0.000900 1.000000 0.000060 0.006588 0.000107 -0.000060 1.000000 -0.000682
4440.129285 0.999927 0.012046 -0.001042 0.008522 -0.012043 0.999924 0.002661 0.085507 0.001074 -0.002648 0.999996 -0.003085
4440.242496 0.999999 0.001573 -0.000127 0.014678 -0.001573 0.999999 0.000093 0.009801 0.000127 -0.000093 1.000000 -0.001445
4440.333356 1.000000 -0.000426 -0.000067 0.016998 0.000426 1.000000 -0.000078 -0.003031 0.000067 0.000078 1.000000 0.000033
4440.449572 1.000000 -0.000575 -0.000070 0.016922 0.000575 1.000000 0.000013 0.004242 0.000070 -0.000013 1.000000 -0.000684
4440.540445 1.000000 -0.000788 -0.000087 0.011638 0.000788 1.000000 0.000086 0.000889 0.000087 -0.000086 1.000000 -0.000711
4440.631605 1.000000 -0.000117 -0.000102 0.017510 0.000117 1.000000 -0.000021 0.001654 0.000102 0.000021 1.000000 -0.000555
4440.732437 1.000000 -0.000347 -0.000052 0.014251 0.000347 1.000000 0.000163 -0.000169 0.000052 -0.000163 1.000000 -0.000255
4440.844360 1.000000 -0.000310 -0.000086 0.017471 0.000310 1.000000 0.000130 -0.000921 0.000086 -0.000130 1.000000 -0.001469
4440.935553 1.000000 0.000077 -0.000063 0.015509 -0.000077 1.000000 0.000091 0.002027 0.000063 -0.000091 1.000000 -0.000644
4441.036361 1.000000 -0.000061 -0.000033 0.018022 0.000061 1.000000 0.000045 0.001453 0.000033 -0.000045 1.000000 0.000172
4441.137382 1.000000 -0.000312 0.000008 0.012995 0.000312 1.000000 0.000099 0.002566 -0.000008 -0.000099 1.000000 0.000662
4441.238371 0.999999 -0.001199 -0.000064 0.018400 0.001199 0.999999 -0.000103 0.005454 0.000064 0.000103 1.000000 0.000230
4441.330579 1.000000 -0.000142 -0.000078 0.018639 0.000142 1.000000 0.000036 0.001405 0.000078 -0.000036 1.000000 0.000068
4441.444825 1.000000 -0.000178 -0.000114 0.016975 0.000178 1.000000 -0.000067 0.001343 0.000114 0.000067 1.000000 -0.001353
4441.535756 1.000000 -0.000150 -0.000136 0.016377 0.000150 1.000000 -0.000040 0.003524 0.000136 0.000040 1.000000 -0.000724
4441.636565 1.000000 -0.000289 -0.000038 0.016854 0.000289 1.000000 0.000015 0.000415 0.000038 -0.000015 1.000000 0.000467
4441.737615 1.000000 -0.000025 -0.000169 0.020446 0.000025 1.000000 0.000097 -0.000600 0.000169 -0.000097 1.000000 -0.000636
4441.839239 0.999999 -0.001064 0.000036 0.018166 0.001064 0.999999 -0.000145 0.001381 -0.000036 0.000145 1.000000 -0.000613
4441.940137 1.000000 -0.000985 -0.000161 0.024963 0.000985 1.000000 0.000019 0.009411 0.000161 -0.000019 1.000000 -0.000721
4442.041130 1.000000 -0.000083 -0.000017 0.018380 0.000083 1.000000 0.000363 0.000861 0.000017 -0.000363 1.000000 0.000762
4442.142216 1.000000 -0.000377 0.000014 0.016963 0.000377 1.000000 -0.000055 -0.001627 -0.000014 0.000055 1.000000 -0.000369
4442.233023 0.999999 -0.001660 -0.000101 0.022588 0.001660 0.999999 0.000133 0.007640 0.000100 -0.000133 1.000000 -0.000690
4442.333997 1.000000 -0.000472 -0.000068 0.020486 0.000472 1.000000 0.000283 -0.000452 0.000067 -0.000283 1.000000 -0.001941
4442.446012 1.000000 -0.000349 -0.000129 0.021195 0.000349 1.000000 0.000065 -0.000062 0.000129 -0.000065 1.000000 -0.001082
4442.537532 1.000000 -0.000219 -0.000124 0.025689 0.000219 1.000000 -0.000101 -0.000130 0.000124 0.000101 1.000000 -0.001279
4442.638913 1.000000 -0.000330 -0.000034 0.020845 0.000330 1.000000 -0.000011 -0.000499 0.000034 0.000011 1.000000 -0.000492
4442.740744 1.000000 -0.000242 -0.000028 0.022963 0.000242 1.000000 0.000044 0.001769 0.000028 -0.000044 1.000000 -0.000452
4442.834137 1.000000 -0.000218 -0.000030 0.025953 0.000218 1.000000 0.000130 0.001342 0.000030 -0.000130 1.000000 -0.000411
4442.935502 1.000000 -0.000235 0.000043 0.022416 0.000235 1.000000 0.000062 0.000083 -0.000043 -0.000062 1.000000 0.001905
4443.038292 1.000000 -0.000671 -0.000054 0.010332 0.000671 1.000000 -0.000156 0.011646 0.000054 0.000156 1.000000 0.001757
4443.131840 1.000000 -0.000323 0.000031 0.023677 0.000323 1.000000 -0.000052 0.000432 -0.000031 0.000052 1.000000 0.001769
4443.243489 0.999999 -0.001031 -0.000134 0.021334 0.001031 0.999999 0.000060 0.002148 0.000134 -0.000060 1.000000 -0.001629
4443.334326 0.999999 -0.001156 -0.000087 0.028672 0.001156 0.999999 0.000335 0.006084 0.000087 -0.000335 1.000000 0.000390
4443.436592 0.999998 0.001756 -0.001156 0.017635 -0.001754 0.999997 0.001912 0.030892 0.001160 -0.001910 0.999998 -0.000174
4443.537542 1.000000 0.000237 -0.000080 0.031014 -0.000237 1.000000 0.000210 0.005943 0.000080 -0.000210 1.000000 -0.000301
4443.638527 1.000000 -0.000153 -0.000169 0.026841 0.000153 1.000000 -0.000050 0.001598 0.000170 0.000050 1.000000 -0.001305
4443.740115 0.999981 0.005488 -0.002883 0.027454 -0.005483 0.999984 0.001652 0.032098 0.002893 -0.001636 0.999994 -0.007963
4443.842125 1.000000 0.000218 -0.000142 0.025690 -0.000218 1.000000 0.000349 0.003907 0.000142 -0.000349 1.000000 -0.001277
4443.932939 1.000000 -0.000083 -0.000187 0.024226 0.000083 1.000000 0.000022 0.001365 0.000187 -0.000022 1.000000 -0.001408
4444.033969 1.000000 -0.000198 -0.000204 0.026855 0.000198 1.000000 0.000137 0.000842 0.000204 -0.000137 1.000000 -0.001433
4444.134812 1.000000 -0.000108 -0.000160 0.030143 0.000108 1.000000 0.000119 0.000462 0.000160 -0.000119 1.000000 -0.001577
4444.225605 0.999996 -0.002750 -0.000027 0.033291 0.002750 0.999996 0.000092 0.008033 0.000026 -0.000093 1.000000 0.001428
4444.336764 1.000000 -0.000785 -0.000043 0.030597 0.000785 1.000000 0.000145 0.002876 0.000043 -0.000145 1.000000 0.000332
4444.437611 1.000000 -0.000718 -0.000000 0.029371 0.000718 1.000000 -0.000071 0.001856 0.000000 0.000071 1.000000 -0.000029
4444.538466 1.000000 -0.000812 -0.000067 0.033757 0.000812 1.000000 0.000459 0.003808 0.000067 -0.000459 1.000000 0.000230
4444.639468 0.999974 -0.007228 -0.000634 -0.000927 0.007229 0.999972 0.002093 0.011034 0.000619 -0.002098 0.999998 -0.001463
4444.730648 0.999974 -0.007097 -0.000933 -0.007951 0.007100 0.999972 0.002522 0.004797 0.000915 -0.002529 0.999996 -0.003495
4444.842897 0.999991 -0.004148 -0.000746 -0.004255 0.004149 0.999990 0.001340 0.001482 0.000740 -0.001343 0.999999 -0.003072
4444.933839 0.999997 -0.002438 -0.000387 0.021555 0.002438 0.999997 0.000740 0.002562 0.000385 -0.000741 1.000000 -0.001825
4445.048420 1.000000 -0.000495 -0.000119 0.031064 0.000495 1.000000 -0.000108 0.001173 0.000119 0.000108 1.000000 0.000115
4445.149453 0.999996 -0.002789 -0.000669 0.004512 0.002789 0.999996 0.000856 0.004449 0.000666 -0.000857 0.999999 -0.003496
4445.230150 1.000000 -0.000669 -0.000148 0.033138 0.000670 1.000000 0.000502 0.001992 0.000148 -0.000502 1.000000 -0.000410
4445.331569 1.000000 -0.000247 -0.000028 0.031201 0.000247 1.000000 -0.000185 0.001956 0.000028 0.000185 1.000000 -0.000021
4445.422332 0.999995 -0.003049 -0.000656 0.006102 0.003049 0.999995 0.001001 0.004992 0.000653 -0.001003 0.999999 -0.002485
4445.524626 1.000000 -0.000613 0.000055 0.032989 0.000613 1.000000 0.000047 0.002474 -0.000055 -0.000047 1.000000 0.001792
4445.638017 0.999995 -0.003064 -0.000390 0.005505 0.003065 0.999995 0.001192 0.004694 0.000386 -0.001193 0.999999 0.000110
4445.740336 1.000000 -0.000300 -0.000090 0.033431 0.000300 1.000000 0.000377 0.000448 0.000089 -0.000377 1.000000 0.000190
4445.841175 1.000000 -0.000681 -0.000024 0.034361 0.000681 1.000000 0.000052 0.000499 0.000024 -0.000052 1.000000 0.000881
4445.942228 1.000000 -0.000378 -0.000137 0.031858 0.000378 1.000000 0.000007 0.001921 0.000137 -0.000007 1.000000 -0.000286
4446.032968 1.000000 -0.000592 -0.000220 0.037313 0.000592 1.000000 0.000176 0.000668 0.000220 -0.000176 1.000000 -0.000651
4446.135269 1.000000 -0.000035 -0.000034 0.034387 0.000035 1.000000 0.000258 0.003070 0.000034 -0.000258 1.000000 0.000508
4446.226095 1.000000 -0.000534 -0.000056 0.034214 0.000534 1.000000 0.000288 0.002488 0.000056 -0.000288 1.000000 -0.000497
4446.327781 1.000000 -0.000248 0.000079 0.030938 0.000248 1.000000 0.000013 0.002589 -0.000079 -0.000013 1.000000 0.002301
4446.439798 1.000000 -0.000405 0.000249 0.033704 0.000405 1.000000 0.000366 0.002476 -0.000249 -0.000366 1.000000 0.004374
4446.530836 1.000000 -0.000365 0.000090 0.033234 0.000365 1.000000 0.000026 0.002004 -0.000090 -0.000026 1.000000 0.001513
4446.643702 1.000000 -0.000394 -0.000136 0.035795 0.000395 1.000000 0.000184 0.001270 0.000136 -0.000184 1.000000 -0.000777
4446.734680 1.000000 -0.000254 -0.000105 0.033734 0.000254 1.000000 0.000220 -0.000109 0.000105 -0.000220 1.000000 0.000460
4446.835964 1.000000 -0.000379 -0.000079 0.031248 0.000379 1.000000 0.000305 0.002446 0.000079 -0.000306 1.000000 0.000793
4446.936913 1.000000 -0.000192 -0.000115 0.035154 0.000192 1.000000 0.000459 0.002818 0.000115 -0.000459 1.000000 -0.000876
4447.040306 1.000000 -0.000517 -0.000086 0.034270 0.000517 1.000000 0.000120 0.003010 0.000086 -0.000120 1.000000 0.000719
4447.131090 1.000000 -0.000289 0.000175 0.033143 0.000289 1.000000 0.000182 0.002828 -0.000175 -0.000182 1.000000 0.001517
4447.233817 1.000000 -0.000186 -0.000116 0.032307 0.000186 1.000000 0.000128 0.003587 0.000116 -0.000128 1.000000 0.000127
4447.324596 1.000000 -0.000142 -0.000086 0.032770 0.000142 1.000000 0.000045 0.005524 0.000086 -0.000045 1.000000 -0.000517
4447.449270 1.000000 -0.000093 -0.000281 0.032038 0.000093 1.000000 0.000285 0.002778 0.000281 -0.000285 1.000000 -0.001419
4447.530199 1.000000 -0.000466 -0.000164 0.036507 0.000466 1.000000 -0.000043 0.004324 0.000165 0.000043 1.000000 -0.000297
4447.641616 1.000000 0.000118 -0.000208 0.031748 -0.000118 1.000000 0.000105 0.002587 0.000208 -0.000105 1.000000 -0.001351
4447.734169 1.000000 -0.000419 -0.000199 0.036652 0.000419 1.000000 0.000153 0.000047 0.000199 -0.000153 1.000000 -0.000368
4447.845624 1.000000 -0.000349 -0.000240 0.034890 0.000349 1.000000 -0.000508 0.004986 0.000240 0.000508 1.000000 -0.001368
4447.936419 1.000000 -0.000166 -0.000157 0.032797 0.000166 1.000000 0.000458 0.002385 0.000157 -0.000459 1.000000 0.000009
4448.037618 1.000000 -0.000002 -0.000186 0.034949 0.000002 1.000000 0.000200 0.002301 0.000186 -0.000200 1.000000 -0.000245
4448.128468 1.000000 -0.000437 -0.000128 0.032608 0.000437 1.000000 0.000100 0.003014 0.000128 -0.000100 1.000000 -0.000098
4448.242743 1.000000 -0.000323 -0.000101 0.034136 0.000323 1.000000 0.000080 0.002852 0.000101 -0.000080 1.000000 0.000490
4448.333726 1.000000 -0.000031 -0.000064 0.033494 0.000031 1.000000 -0.000002 0.003079 0.000064 0.000002 1.000000 0.000776
4448.436069 1.000000 -0.000462 0.000123 0.033381 0.000462 1.000000 0.000112 0.000788 -0.000123 -0.000112 1.000000 0.002541
4448.537572 1.000000 -0.000212 0.000012 0.032920 0.000212 1.000000 0.000034 0.004501 -0.000012 -0.000034 1.000000 0.000393
4448.638575 1.000000 -0.000204 -0.000005 0.036470 0.000204 1.000000 0.000257 0.004925 0.000005 -0.000257 1.000000 -0.000736
4448.722321 1.000000 -0.000203 0.000019 0.033849 0.000203 1.000000 0.000075 0.004413 -0.000019 -0.000075 1.000000 0.000120
4448.834276 1.000000 -0.000439 0.000053 0.031390 0.000439 1.000000 0.000418 0.001667 -0.000053 -0.000418 1.000000 0.000713
4448.935119 1.000000 -0.000419 -0.000106 0.034294 0.000419 1.000000 -0.000136 0.002834 0.000106 0.000136 1.000000 0.001372
4449.046689 1.000000 -0.000027 0.000059 0.036350 0.000027 1.000000 0.000054 0.003895 -0.000059 -0.000054 1.000000 0.001127
4449.128378 1.000000 -0.000198 0.000151 0.034083 0.000198 1.000000 0.000086 0.001845 -0.000151 -0.000086 1.000000 0.000063
4449.239371 1.000000 -0.000283 0.000069 0.038322 0.000283 1.000000 0.000364 0.000999 -0.000069 -0.000364 1.000000 0.001951
4449.333758 1.000000 -0.000221 0.000090 0.032979 0.000221 1.000000 0.000075 0.002719 -0.000090 -0.000075 1.000000 0.001082
4449.435594 1.000000 -0.000140 -0.000204 0.033192 0.000140 1.000000 0.000425 0.004711 0.000204 -0.000425 1.000000 0.000173
4449.527025 1.000000 -0.000761 -0.000122 0.027135 0.000761 1.000000 0.000171 0.002629 0.000121 -0.000171 1.000000 0.001139
4449.628041 1.000000 -0.000389 0.000242 0.033491 0.000389 1.000000 0.000031 0.003560 -0.000242 -0.000031 1.000000 0.001822
4449.728815 1.000000 0.000149 0.000373 0.039337 -0.000149 1.000000 0.000110 0.002174 -0.000373 -0.000110 1.000000 -0.000358
4449.839791 1.000000 0.000314 0.000308 0.034791 -0.000314 1.000000 -0.000024 0.002498 -0.000308 0.000024 1.000000 -0.002612
4449.930739 1.000000 -0.000288 -0.000145 0.035115 0.000288 1.000000 0.000198 0.003344 0.000145 -0.000198 1.000000 -0.000936
4450.035448 0.999985 -0.005444 0.000248 0.051470 0.005444 0.999985 0.000107 -0.001018 -0.000248 -0.000106 1.000000 0.001191
4450.136477 1.000000 -0.000862 0.000056 0.034472 0.000862 1.000000 0.000321 0.004660 -0.000057 -0.000321 1.000000 -0.001076
4450.237973 1.000000 -0.000475 -0.000257 0.038592 0.000475 1.000000 0.000151 0.003542 0.000257 -0.000151 1.000000 0.000012
4450.328959 1.000000 0.000033 -0.000245 0.037164 -0.000033 1.000000 0.000257 0.004522 0.000245 -0.000257 1.000000 -0.001721
4450.431680 1.000000 -0.000309 -0.000132 0.033933 0.000309 1.000000 0.000210 0.003831 0.000132 -0.000210 1.000000 0.000242
4450.534651 1.000000 -0.000558 -0.000263 0.035069 0.000558 1.000000 0.000015 0.004575 0.000263 -0.000015 1.000000 0.000470
4450.637575 0.999985 0.001875 -0.005223 0.021539 -0.001873 0.999998 0.000397 0.012941 0.005224 -0.000388 0.999986 -0.000248
4450.739022 0.999998 -0.001434 0.001334 0.108943 0.001434 0.999999 -0.000060 -0.002301 -0.001334 0.000062 0.999999 0.003899
4450.840532 1.000000 -0.000529 -0.000173 0.038330 0.000529 1.000000 0.000317 0.001911 0.000173 -0.000317 1.000000 0.000323
4450.931213 1.000000 -0.000387 -0.000197 0.036587 0.000387 1.000000 0.000273 0.003802 0.000197 -0.000273 1.000000 0.000625
4451.033472 1.000000 -0.000279 -0.000176 0.033166 0.000279 1.000000 0.000223 0.004031 0.000176 -0.000223 1.000000 0.000291
4451.134966 1.000000 -0.000303 -0.000188 0.036074 0.000303 1.000000 0.000412 0.001800 0.000188 -0.000412 1.000000 -0.000435
4451.235853 1.000000 -0.000218 -0.000281 0.034204 0.000218 1.000000 0.000085 0.003718 0.000281 -0.000085 1.000000 -0.000470
4451.338949 1.000000 -0.000625 -0.000148 0.036130 0.000625 1.000000 0.000110 0.005768 0.000148 -0.000111 1.000000 0.000684
4451.440309 1.000000 -0.000627 -0.000146 0.036828 0.000627 1.000000 -0.000101 0.003396 0.000146 0.000101 1.000000 0.000268
4451.531208 1.000000 -0.000337 -0.000198 0.035004 0.000337 1.000000 0.000093 0.003814 0.000198 -0.000093 1.000000 0.000766
4451.632825 1.000000 -0.000091 -0.000092 0.035214 0.000091 1.000000 0.000117 0.004328 0.000092 -0.000117 1.000000 0.000308
4451.733704 1.000000 0.000223 0.000008 0.045058 -0.000223 1.000000 -0.000152 -0.000038 -0.000008 0.000152 1.000000 0.003038
4451.835180 1.000000 -0.000177 -0.000252 0.035351 0.000177 1.000000 0.000085 0.004486 0.000252 -0.000085 1.000000 -0.000182
4451.936306 1.000000 -0.000295 -0.000259 0.036185 0.000295 1.000000 0.000034 0.004705 0.000259 -0.000034 1.000000 0.000526
4452.027145 1.000000 -0.000219 -0.000182 0.035864 0.000219 1.000000 0.000204 0.004244 0.000182 -0.000204 1.000000 0.000526
4452.138304 1.000000 -0.000598 -0.000157 0.034017 0.000598 1.000000 0.000465 0.003652 0.000157 -0.000465 1.000000 0.000018
4452.239560 1.000000 -0.000402 -0.000119 0.036750 0.000402 1.000000 0.000462 0.003010 0.000119 -0.000462 1.000000 0.000420
4452.340516 1.000000 -0.000139 -0.000228 0.035466 0.000139 1.000000 0.000063 0.004721 0.000228 -0.000063 1.000000 0.000306
4452.445094 1.000000 -0.000412 -0.000188 0.035210 0.000412 1.000000 0.000060 0.006518 0.000188 -0.000060 1.000000 0.000228
4452.525879 1.000000 -0.000255 -0.000224 0.032814 0.000255 1.000000 0.000241 0.003635 0.000224 -0.000241 1.000000 -0.000145
4452.636987 1.000000 -0.000481 -0.000149 0.034237 0.000481 1.000000 0.000216 0.002715 0.000149 -0.000216 1.000000 0.000657
4452.728300 1.000000 -0.000474 -0.000118 0.037017 0.000474 1.000000 0.000297 0.002594 0.000118 -0.000297 1.000000 0.001758
4452.839737 1.000000 -0.000311 -0.000210 0.039756 0.000311 1.000000 -0.000035 0.005728 0.000210 0.000035 1.000000 0.000992
4452.930540 1.000000 -0.000251 0.000335 0.036207 0.000251 1.000000 0.000022 0.001598 -0.000335 -0.000022 1.000000 -0.001455
4453.032193 1.000000 -0.000495 0.000044 0.037035 0.000495 1.000000 0.000373 0.005395 -0.000044 -0.000373 1.000000 -0.000910
4453.135272 0.999999 -0.001665 0.000374 0.041107 0.001665 0.999999 -0.000032 0.004436 -0.000374 0.000032 1.000000 0.002247
4453.246816 1.000000 -0.000371 -0.000110 0.035087 0.000371 1.000000 0.000220 0.005888 0.000110 -0.000220 1.000000 0.000461
4453.332043 1.000000 -0.000370 -0.000091 0.042157 0.000370 1.000000 0.000540 0.004913 0.000091 -0.000540 1.000000 -0.000451
4453.445130 1.000000 -0.000305 0.000059 0.036868 0.000305 1.000000 0.000114 0.005875 -0.000059 -0.000114 1.000000 -0.000921
4453.536051 0.999459 -0.032873 0.000558 -0.036424 0.032872 0.999459 0.001009 0.072471 -0.000591 -0.000990 0.999999 0.002476
4453.637199 0.999831 -0.018377 0.000197 0.005380 0.018377 0.999830 0.001536 0.081378 -0.000226 -0.001532 0.999999 -0.001793
4453.740416 0.999909 -0.013489 0.000367 0.007916 0.013489 0.999907 0.001897 0.091423 -0.000392 -0.001892 0.999998 -0.007143
4453.834444 0.999975 -0.007016 0.000169 0.033043 0.007016 0.999975 0.001103 0.062761 -0.000176 -0.001102 0.999999 -0.003414
4453.935327 0.999998 -0.001876 0.000144 0.032838 0.001876 0.999998 0.000686 0.017654 -0.000145 -0.000686 1.000000 -0.002725
4454.038539 1.000000 -0.000443 0.000110 0.034595 0.000443 1.000000 0.000288 0.005218 -0.000110 -0.000288 1.000000 -0.001430
4454.139723 1.000000 -0.000464 0.000372 0.036146 0.000464 1.000000 0.000432 0.005401 -0.000372 -0.000432 1.000000 -0.002513
4454.230487 1.000000 -0.000507 0.000167 0.034224 0.000506 1.000000 0.000510 0.004682 -0.000167 -0.000509 1.000000 -0.002352
4454.341669 1.000000 -0.000802 0.000262 0.038311 0.000802 0.999999 0.000695 0.005452 -0.000263 -0.000695 1.000000 -0.003891
4454.447534 1.000000 -0.000245 0.000136 0.034193 0.000245 1.000000 0.000139 0.005669 -0.000136 -0.000139 1.000000 -0.001165
4454.538253 1.000000 -0.000628 -0.000060 0.031068 0.000628 1.000000 -0.000008 0.006756 0.000060 0.000008 1.000000 0.000707
4454.639276 0.999762 -0.021807 -0.000577 -0.000483 0.021808 0.999762 0.000754 0.076727 0.000561 -0.000766 1.000000 0.003127
4454.733498 0.999900 -0.014151 0.000070 0.027768 0.014151 0.999899 0.001167 0.077196 -0.000086 -0.001165 0.999999 -0.000877
4454.834409 0.999993 -0.003737 -0.000077 0.032579 0.003737 0.999993 0.000473 0.027914 0.000076 -0.000473 1.000000 -0.000020
4454.935377 0.999440 -0.033438 0.000963 -0.034629 0.033436 0.999439 0.002027 0.119134 -0.001030 -0.001994 0.999997 -0.000110
4455.026195 0.999848 -0.017462 0.000124 0.015154 0.017462 0.999847 0.001206 0.083954 -0.000145 -0.001204 0.999999 -0.001520
4455.139955 0.999947 -0.010272 0.000374 0.028586 0.010272 0.999946 0.001274 0.083807 -0.000387 -0.001270 0.999999 -0.004069
4455.240798 0.999998 -0.002004 0.000051 0.034566 0.002004 0.999998 0.000189 0.017680 -0.000052 -0.000189 1.000000 -0.001065
4455.331687 1.000000 -0.000850 0.000203 0.033096 0.000850 0.999999 0.000534 0.008069 -0.000203 -0.000534 1.000000 -0.002590
4455.432569 1.000000 -0.000356 0.000001 0.035619 0.000356 1.000000 0.000025 0.004981 -0.000001 -0.000025 1.000000 -0.000994
4455.533813 1.000000 -0.000343 0.000194 0.032241 0.000343 1.000000 0.000305 0.004941 -0.000194 -0.000305 1.000000 -0.001983
4455.634746 1.000000 -0.000589 -0.000002 0.035621 0.000589 1.000000 0.000013 0.008227 0.000002 -0.000013 1.000000 -0.000350
4455.735677 1.000000 -0.000647 -0.000027 0.035973 0.000647 1.000000 0.000452 0.003706 0.000027 -0.000452 1.000000 0.001294
4455.847404 1.000000 -0.000548 -0.000086 0.033159 0.000548 1.000000 -0.000020 0.007841 0.000086 0.000020 1.000000 0.000224
4455.938745 1.000000 -0.000272 -0.000132 0.033180 0.000272 1.000000 0.000100 0.006184 0.000132 -0.000100 1.000000 0.000873
4456.043694 0.999787 -0.020648 -0.000057 0.027776 0.020648 0.999786 0.001140 0.073710 0.000034 -0.001141 0.999999 0.001749
4456.135838 0.999906 -0.013724 0.000191 0.025656 0.013724 0.999905 0.000832 0.082504 -0.000202 -0.000830 1.000000 -0.002593
4456.237237 0.999991 -0.004290 -0.000017 0.033403 0.004290 0.999991 -0.000067 0.021660 0.000018 0.000067 1.000000 -0.001719
4456.329409 0.999999 -0.001095 0.000040 0.030198 0.001095 0.999999 0.000401 0.009565 -0.000040 -0.000401 1.000000 -0.001299
4456.442196 0.999999 -0.001410 -0.000074 0.031572 0.001410 0.999999 -0.000096 0.004138 0.000074 0.000096 1.000000 0.000729
4456.534950 0.999998 -0.001871 -0.000026 0.028607 0.001871 0.999998 0.000071 0.004815 0.000026 -0.000071 1.000000 -0.000334
4456.636670 1.000000 -0.000674 -0.000042 0.029811 0.000674 1.000000 0.000039 0.008866 0.000042 -0.000039 1.000000 -0.000673
4456.739270 0.999999 -0.001023 0.000014 0.025982 0.001023 0.999999 0.000174 0.004373 -0.000014 -0.000174 1.000000 -0.001208
4456.840089 1.000000 -0.000484 0.000056 0.024135 0.000484 1.000000 0.000139 0.005687 -0.000056 -0.000139 1.000000 -0.000644
4456.931239 0.999715 -0.023886 0.000296 -0.040077 0.023886 0.999714 0.001363 0.106501 -0.000328 -0.001356 0.999999 -0.000566
4457.033551 0.999876 -0.015775 0.000289 0.002716 0.015775 0.999875 0.000972 0.108025 -0.000304 -0.000968 0.999999 -0.002863
4457.124575 0.999967 -0.008144 0.000338 0.017376 0.008144 0.999966 0.000909 0.089084 -0.000346 -0.000906 1.000000 -0.004153
4457.236763 0.999998 -0.001970 0.000262 0.023467 0.001970 0.999998 0.000375 0.019572 -0.000263 -0.000375 1.000000 -0.003346
4457.337641 0.999999 -0.001308 0.000138 0.025284 0.001308 0.999999 0.000325 0.006843 -0.000138 -0.000324 1.000000 -0.002104
4457.438905 0.999998 -0.002217 0.000184 0.022995 0.002217 0.999998 0.000163 0.000341 -0.000185 -0.000162 1.000000 -0.002419
4457.531135 0.999552 -0.029927 -0.000464 -0.056500 0.029928 0.999551 0.001483 0.133410 0.000419 -0.001496 0.999999 0.002371
4457.642386 0.999838 -0.017998 0.000504 -0.013382 0.017997 0.999837 0.001093 0.128857 -0.000524 -0.001084 0.999999 -0.006292
4457.743416 0.999937 -0.011179 0.000425 0.008590 0.011179 0.999937 0.000909 0.118795 -0.000435 -0.000904 0.999999 -0.006639
4457.846972 0.999994 -0.003472 -0.000038 0.019491 0.003472 0.999994 -0.000053 0.038202 0.000039 0.000053 1.000000 0.000149
4457.937729 1.000000 -0.000996 0.000005 0.025535 0.000996 0.999999 0.000152 0.010089 -0.000005 -0.000152 1.000000 -0.000617
4458.038665 1.000000 -0.000728 0.000012 0.021874 0.000728 1.000000 -0.000043 0.008507 -0.000012 0.000043 1.000000 0.000084
4458.140202 0.999999 -0.001035 0.000088 0.019981 0.001035 0.999999 0.000204 0.008787 -0.000088 -0.000204 1.000000 -0.001562
4458.241330 1.000000 -0.000515 -0.000023 0.023994 0.000515 1.000000 0.000068 0.003258 0.000023 -0.000068 1.000000 0.000134
4458.332352 1.000000 -0.000675 0.000054 0.019766 0.000675 1.000000 0.000238 0.003501 -0.000054 -0.000238 1.000000 -0.001169
4458.433166 1.000000 -0.000937 0.000007 0.022168 0.000937 1.000000 0.000166 0.004915 -0.000007 -0.000166 1.000000 0.000406
4458.534162 1.000000 -0.000528 0.000053 0.019539 0.000528 1.000000 0.000128 0.004816 -0.000053 -0.000128 1.000000 -0.000691
4458.635252 1.000000 -0.000580 0.000109 0.022064 0.000580 1.000000 0.000151 0.002593 -0.000109 -0.000151 1.000000 -0.001675
4458.738617 1.000000 -0.000689 0.000013 0.019505 0.000689 1.000000 0.000046 0.003966 -0.000013 -0.000046 1.000000 0.000277
4458.841200 1.000000 -0.000422 -0.000015 0.021615 0.000422 1.000000 0.000060 0.004032 0.000015 -0.000060 1.000000 -0.000200
4458.942476 0.994848 -0.101364 0.001458 -0.284368 0.101361 0.994848 0.001991 0.335739 -0.001652 -0.001833 0.999997 -0.001710
4459.043735 0.265827 0.106328 -0.958139 7.398460 0.685975 -0.719185 0.110508 -21.796909 -0.677329 -0.686635 -0.264117 -3.523948
